{
 "cells": [
  {
   "cell_type": "markdown",
   "metadata": {},
   "source": [
    "# Goal: Techniques to find the Correlation between different input features:\n",
    "\n",
    "- Input: 'InputTableFeatures.csv'  # created file\n",
    "- Output: Correlation matrix \n",
    "\n",
    "### Techniques used to find correlations:\n",
    "1. Pandas corr() : using pearson, kendall and spearman methods\n",
    "    - Using Matplotlib to add colour cells\n",
    "\n",
    "STEPS implemented:\n",
    "1. Read input file holding input feastures for user with outputs\n",
    "2. Apply different methods to find correlation between features\n",
    "\n",
    "For more details please refer this link:https://limitlessdatascience.wordpress.com/2019/01/01/correlation-matrix-for-different-input-features/"
   ]
  },
  {
   "cell_type": "code",
   "execution_count": 1,
   "metadata": {},
   "outputs": [
    {
     "name": "stdout",
     "output_type": "stream",
     "text": [
      "Pandas version: 0.20.3\n"
     ]
    }
   ],
   "source": [
    "import pandas as pd\n",
    "import matplotlib.pyplot as plt\n",
    "%matplotlib inline\n",
    "print('Pandas version:', pd.__version__)"
   ]
  },
  {
   "cell_type": "code",
   "execution_count": 2,
   "metadata": {
    "collapsed": true,
    "scrolled": true
   },
   "outputs": [],
   "source": [
    "pdData = pd.read_csv('InputFeaturesTable.csv')"
   ]
  },
  {
   "cell_type": "code",
   "execution_count": 3,
   "metadata": {
    "scrolled": true
   },
   "outputs": [
    {
     "data": {
      "text/html": [
       "<div>\n",
       "<style>\n",
       "    .dataframe thead tr:only-child th {\n",
       "        text-align: right;\n",
       "    }\n",
       "\n",
       "    .dataframe thead th {\n",
       "        text-align: left;\n",
       "    }\n",
       "\n",
       "    .dataframe tbody tr th {\n",
       "        vertical-align: top;\n",
       "    }\n",
       "</style>\n",
       "<table border=\"1\" class=\"dataframe\">\n",
       "  <thead>\n",
       "    <tr style=\"text-align: right;\">\n",
       "      <th></th>\n",
       "      <th>User</th>\n",
       "      <th>Feature1</th>\n",
       "      <th>Feature2</th>\n",
       "      <th>Feature3</th>\n",
       "      <th>Feature4</th>\n",
       "      <th>Feature5</th>\n",
       "      <th>Feature6</th>\n",
       "      <th>Feature7</th>\n",
       "      <th>Feature8</th>\n",
       "      <th>Feature9</th>\n",
       "      <th>Output1</th>\n",
       "      <th>Output2</th>\n",
       "      <th>Feature10</th>\n",
       "      <th>Feature11</th>\n",
       "    </tr>\n",
       "  </thead>\n",
       "  <tbody>\n",
       "    <tr>\n",
       "      <th>0</th>\n",
       "      <td>1</td>\n",
       "      <td>0.038009</td>\n",
       "      <td>740.422667</td>\n",
       "      <td>0.0</td>\n",
       "      <td>0.0</td>\n",
       "      <td>1.0</td>\n",
       "      <td>1.0</td>\n",
       "      <td>0.0</td>\n",
       "      <td>0.0</td>\n",
       "      <td>1.0</td>\n",
       "      <td>0.0</td>\n",
       "      <td>0.0</td>\n",
       "      <td>0.0</td>\n",
       "      <td>0.0</td>\n",
       "    </tr>\n",
       "    <tr>\n",
       "      <th>1</th>\n",
       "      <td>2</td>\n",
       "      <td>0.040580</td>\n",
       "      <td>740.357333</td>\n",
       "      <td>0.0</td>\n",
       "      <td>0.0</td>\n",
       "      <td>0.0</td>\n",
       "      <td>1.0</td>\n",
       "      <td>0.0</td>\n",
       "      <td>0.0</td>\n",
       "      <td>1.0</td>\n",
       "      <td>0.0</td>\n",
       "      <td>0.0</td>\n",
       "      <td>0.0</td>\n",
       "      <td>0.0</td>\n",
       "    </tr>\n",
       "    <tr>\n",
       "      <th>2</th>\n",
       "      <td>3</td>\n",
       "      <td>0.175000</td>\n",
       "      <td>0.060083</td>\n",
       "      <td>0.0</td>\n",
       "      <td>0.0</td>\n",
       "      <td>1.0</td>\n",
       "      <td>1.0</td>\n",
       "      <td>0.0</td>\n",
       "      <td>0.0</td>\n",
       "      <td>0.0</td>\n",
       "      <td>1.0</td>\n",
       "      <td>1.0</td>\n",
       "      <td>0.0</td>\n",
       "      <td>0.0</td>\n",
       "    </tr>\n",
       "    <tr>\n",
       "      <th>3</th>\n",
       "      <td>4</td>\n",
       "      <td>0.000000</td>\n",
       "      <td>740.201583</td>\n",
       "      <td>0.0</td>\n",
       "      <td>0.0</td>\n",
       "      <td>0.0</td>\n",
       "      <td>0.0</td>\n",
       "      <td>0.0</td>\n",
       "      <td>0.0</td>\n",
       "      <td>1.0</td>\n",
       "      <td>0.0</td>\n",
       "      <td>0.0</td>\n",
       "      <td>0.0</td>\n",
       "      <td>0.0</td>\n",
       "    </tr>\n",
       "    <tr>\n",
       "      <th>4</th>\n",
       "      <td>5</td>\n",
       "      <td>0.079545</td>\n",
       "      <td>740.134500</td>\n",
       "      <td>0.0</td>\n",
       "      <td>0.0</td>\n",
       "      <td>1.0</td>\n",
       "      <td>1.0</td>\n",
       "      <td>0.0</td>\n",
       "      <td>0.0</td>\n",
       "      <td>1.0</td>\n",
       "      <td>0.0</td>\n",
       "      <td>0.0</td>\n",
       "      <td>0.0</td>\n",
       "      <td>0.0</td>\n",
       "    </tr>\n",
       "  </tbody>\n",
       "</table>\n",
       "</div>"
      ],
      "text/plain": [
       "   User  Feature1    Feature2  Feature3  Feature4  Feature5  Feature6  \\\n",
       "0     1  0.038009  740.422667       0.0       0.0       1.0       1.0   \n",
       "1     2  0.040580  740.357333       0.0       0.0       0.0       1.0   \n",
       "2     3  0.175000    0.060083       0.0       0.0       1.0       1.0   \n",
       "3     4  0.000000  740.201583       0.0       0.0       0.0       0.0   \n",
       "4     5  0.079545  740.134500       0.0       0.0       1.0       1.0   \n",
       "\n",
       "   Feature7  Feature8  Feature9  Output1  Output2  Feature10  Feature11  \n",
       "0       0.0       0.0       1.0      0.0      0.0        0.0        0.0  \n",
       "1       0.0       0.0       1.0      0.0      0.0        0.0        0.0  \n",
       "2       0.0       0.0       0.0      1.0      1.0        0.0        0.0  \n",
       "3       0.0       0.0       1.0      0.0      0.0        0.0        0.0  \n",
       "4       0.0       0.0       1.0      0.0      0.0        0.0        0.0  "
      ]
     },
     "execution_count": 3,
     "metadata": {},
     "output_type": "execute_result"
    }
   ],
   "source": [
    "pdData.head()"
   ]
  },
  {
   "cell_type": "code",
   "execution_count": 4,
   "metadata": {},
   "outputs": [
    {
     "data": {
      "text/plain": [
       "Index(['User', 'Feature1', 'Feature2', 'Feature3', 'Feature4', 'Feature5',\n",
       "       'Feature6', 'Feature7', 'Feature8', 'Feature9', 'Output1', 'Output2',\n",
       "       'Feature10', 'Feature11'],\n",
       "      dtype='object')"
      ]
     },
     "execution_count": 4,
     "metadata": {},
     "output_type": "execute_result"
    }
   ],
   "source": [
    "pdData.columns"
   ]
  },
  {
   "cell_type": "code",
   "execution_count": 5,
   "metadata": {
    "collapsed": true
   },
   "outputs": [],
   "source": [
    "InputFeatures = ['Feature1', 'Feature2', 'Feature3', 'Feature4', 'Feature5',\n",
    "       'Feature6', 'Feature7', 'Feature8', 'Feature9',\n",
    "       'Feature10', 'Feature11']"
   ]
  },
  {
   "cell_type": "code",
   "execution_count": 6,
   "metadata": {},
   "outputs": [
    {
     "data": {
      "text/html": [
       "<div>\n",
       "<style>\n",
       "    .dataframe thead tr:only-child th {\n",
       "        text-align: right;\n",
       "    }\n",
       "\n",
       "    .dataframe thead th {\n",
       "        text-align: left;\n",
       "    }\n",
       "\n",
       "    .dataframe tbody tr th {\n",
       "        vertical-align: top;\n",
       "    }\n",
       "</style>\n",
       "<table border=\"1\" class=\"dataframe\">\n",
       "  <thead>\n",
       "    <tr style=\"text-align: right;\">\n",
       "      <th></th>\n",
       "      <th>Feature1</th>\n",
       "      <th>Feature2</th>\n",
       "      <th>Feature3</th>\n",
       "      <th>Feature4</th>\n",
       "      <th>Feature5</th>\n",
       "      <th>Feature6</th>\n",
       "      <th>Feature7</th>\n",
       "      <th>Feature8</th>\n",
       "      <th>Feature9</th>\n",
       "      <th>Feature10</th>\n",
       "      <th>Feature11</th>\n",
       "    </tr>\n",
       "  </thead>\n",
       "  <tbody>\n",
       "    <tr>\n",
       "      <th>count</th>\n",
       "      <td>5000.000000</td>\n",
       "      <td>5000.000000</td>\n",
       "      <td>5000.00000</td>\n",
       "      <td>5000.000000</td>\n",
       "      <td>5000.000000</td>\n",
       "      <td>5000.000000</td>\n",
       "      <td>5000.000000</td>\n",
       "      <td>5000.000000</td>\n",
       "      <td>5000.000000</td>\n",
       "      <td>5000.000000</td>\n",
       "      <td>5000.000000</td>\n",
       "    </tr>\n",
       "    <tr>\n",
       "      <th>mean</th>\n",
       "      <td>0.049248</td>\n",
       "      <td>541.823996</td>\n",
       "      <td>1.63464</td>\n",
       "      <td>6.710322</td>\n",
       "      <td>0.693200</td>\n",
       "      <td>0.774800</td>\n",
       "      <td>0.076855</td>\n",
       "      <td>0.061838</td>\n",
       "      <td>0.901600</td>\n",
       "      <td>0.071400</td>\n",
       "      <td>0.026000</td>\n",
       "    </tr>\n",
       "    <tr>\n",
       "      <th>std</th>\n",
       "      <td>0.033977</td>\n",
       "      <td>172.846005</td>\n",
       "      <td>11.55896</td>\n",
       "      <td>25.293348</td>\n",
       "      <td>0.461212</td>\n",
       "      <td>0.417756</td>\n",
       "      <td>0.517742</td>\n",
       "      <td>0.599419</td>\n",
       "      <td>0.297885</td>\n",
       "      <td>0.257518</td>\n",
       "      <td>0.159151</td>\n",
       "    </tr>\n",
       "    <tr>\n",
       "      <th>min</th>\n",
       "      <td>0.000000</td>\n",
       "      <td>0.000000</td>\n",
       "      <td>0.00000</td>\n",
       "      <td>0.000000</td>\n",
       "      <td>0.000000</td>\n",
       "      <td>0.000000</td>\n",
       "      <td>0.000000</td>\n",
       "      <td>0.000000</td>\n",
       "      <td>0.000000</td>\n",
       "      <td>0.000000</td>\n",
       "      <td>0.000000</td>\n",
       "    </tr>\n",
       "    <tr>\n",
       "      <th>25%</th>\n",
       "      <td>0.030882</td>\n",
       "      <td>525.736021</td>\n",
       "      <td>0.00000</td>\n",
       "      <td>0.000000</td>\n",
       "      <td>0.000000</td>\n",
       "      <td>1.000000</td>\n",
       "      <td>0.000000</td>\n",
       "      <td>0.000000</td>\n",
       "      <td>1.000000</td>\n",
       "      <td>0.000000</td>\n",
       "      <td>0.000000</td>\n",
       "    </tr>\n",
       "    <tr>\n",
       "      <th>50%</th>\n",
       "      <td>0.040976</td>\n",
       "      <td>581.679000</td>\n",
       "      <td>0.00000</td>\n",
       "      <td>0.000000</td>\n",
       "      <td>1.000000</td>\n",
       "      <td>1.000000</td>\n",
       "      <td>0.000000</td>\n",
       "      <td>0.000000</td>\n",
       "      <td>1.000000</td>\n",
       "      <td>0.000000</td>\n",
       "      <td>0.000000</td>\n",
       "    </tr>\n",
       "    <tr>\n",
       "      <th>75%</th>\n",
       "      <td>0.077241</td>\n",
       "      <td>640.937500</td>\n",
       "      <td>0.00000</td>\n",
       "      <td>0.000000</td>\n",
       "      <td>1.000000</td>\n",
       "      <td>1.000000</td>\n",
       "      <td>0.000000</td>\n",
       "      <td>0.000000</td>\n",
       "      <td>1.000000</td>\n",
       "      <td>0.000000</td>\n",
       "      <td>0.000000</td>\n",
       "    </tr>\n",
       "    <tr>\n",
       "      <th>max</th>\n",
       "      <td>0.175000</td>\n",
       "      <td>740.422667</td>\n",
       "      <td>417.90000</td>\n",
       "      <td>189.000000</td>\n",
       "      <td>1.000000</td>\n",
       "      <td>1.000000</td>\n",
       "      <td>9.227750</td>\n",
       "      <td>15.213333</td>\n",
       "      <td>1.000000</td>\n",
       "      <td>1.000000</td>\n",
       "      <td>1.000000</td>\n",
       "    </tr>\n",
       "  </tbody>\n",
       "</table>\n",
       "</div>"
      ],
      "text/plain": [
       "          Feature1     Feature2    Feature3     Feature4     Feature5  \\\n",
       "count  5000.000000  5000.000000  5000.00000  5000.000000  5000.000000   \n",
       "mean      0.049248   541.823996     1.63464     6.710322     0.693200   \n",
       "std       0.033977   172.846005    11.55896    25.293348     0.461212   \n",
       "min       0.000000     0.000000     0.00000     0.000000     0.000000   \n",
       "25%       0.030882   525.736021     0.00000     0.000000     0.000000   \n",
       "50%       0.040976   581.679000     0.00000     0.000000     1.000000   \n",
       "75%       0.077241   640.937500     0.00000     0.000000     1.000000   \n",
       "max       0.175000   740.422667   417.90000   189.000000     1.000000   \n",
       "\n",
       "          Feature6     Feature7     Feature8     Feature9    Feature10  \\\n",
       "count  5000.000000  5000.000000  5000.000000  5000.000000  5000.000000   \n",
       "mean      0.774800     0.076855     0.061838     0.901600     0.071400   \n",
       "std       0.417756     0.517742     0.599419     0.297885     0.257518   \n",
       "min       0.000000     0.000000     0.000000     0.000000     0.000000   \n",
       "25%       1.000000     0.000000     0.000000     1.000000     0.000000   \n",
       "50%       1.000000     0.000000     0.000000     1.000000     0.000000   \n",
       "75%       1.000000     0.000000     0.000000     1.000000     0.000000   \n",
       "max       1.000000     9.227750    15.213333     1.000000     1.000000   \n",
       "\n",
       "         Feature11  \n",
       "count  5000.000000  \n",
       "mean      0.026000  \n",
       "std       0.159151  \n",
       "min       0.000000  \n",
       "25%       0.000000  \n",
       "50%       0.000000  \n",
       "75%       0.000000  \n",
       "max       1.000000  "
      ]
     },
     "execution_count": 6,
     "metadata": {},
     "output_type": "execute_result"
    }
   ],
   "source": [
    "pdData[InputFeatures].describe()"
   ]
  },
  {
   "cell_type": "markdown",
   "metadata": {},
   "source": [
    "# Pandas corr()"
   ]
  },
  {
   "cell_type": "code",
   "execution_count": 7,
   "metadata": {},
   "outputs": [
    {
     "data": {
      "text/html": [
       "<div>\n",
       "<style>\n",
       "    .dataframe thead tr:only-child th {\n",
       "        text-align: right;\n",
       "    }\n",
       "\n",
       "    .dataframe thead th {\n",
       "        text-align: left;\n",
       "    }\n",
       "\n",
       "    .dataframe tbody tr th {\n",
       "        vertical-align: top;\n",
       "    }\n",
       "</style>\n",
       "<table border=\"1\" class=\"dataframe\">\n",
       "  <thead>\n",
       "    <tr style=\"text-align: right;\">\n",
       "      <th></th>\n",
       "      <th>Feature1</th>\n",
       "      <th>Feature2</th>\n",
       "      <th>Feature3</th>\n",
       "      <th>Feature4</th>\n",
       "      <th>Feature5</th>\n",
       "      <th>Feature6</th>\n",
       "      <th>Feature7</th>\n",
       "      <th>Feature8</th>\n",
       "      <th>Feature9</th>\n",
       "      <th>Feature10</th>\n",
       "      <th>Feature11</th>\n",
       "    </tr>\n",
       "  </thead>\n",
       "  <tbody>\n",
       "    <tr>\n",
       "      <th>Feature1</th>\n",
       "      <td>1.000000</td>\n",
       "      <td>-0.054702</td>\n",
       "      <td>-0.006358</td>\n",
       "      <td>0.035870</td>\n",
       "      <td>-0.056768</td>\n",
       "      <td>0.011299</td>\n",
       "      <td>0.010888</td>\n",
       "      <td>-0.002881</td>\n",
       "      <td>-0.042239</td>\n",
       "      <td>0.039875</td>\n",
       "      <td>0.001836</td>\n",
       "    </tr>\n",
       "    <tr>\n",
       "      <th>Feature2</th>\n",
       "      <td>-0.054702</td>\n",
       "      <td>1.000000</td>\n",
       "      <td>-0.272002</td>\n",
       "      <td>-0.673202</td>\n",
       "      <td>0.052140</td>\n",
       "      <td>-0.030953</td>\n",
       "      <td>-0.381937</td>\n",
       "      <td>-0.212442</td>\n",
       "      <td>0.886581</td>\n",
       "      <td>-0.721510</td>\n",
       "      <td>-0.327680</td>\n",
       "    </tr>\n",
       "    <tr>\n",
       "      <th>Feature3</th>\n",
       "      <td>-0.006358</td>\n",
       "      <td>-0.272002</td>\n",
       "      <td>1.000000</td>\n",
       "      <td>0.493562</td>\n",
       "      <td>-0.037188</td>\n",
       "      <td>0.042147</td>\n",
       "      <td>0.403038</td>\n",
       "      <td>0.474541</td>\n",
       "      <td>-0.428111</td>\n",
       "      <td>0.483235</td>\n",
       "      <td>0.601668</td>\n",
       "    </tr>\n",
       "    <tr>\n",
       "      <th>Feature4</th>\n",
       "      <td>0.035870</td>\n",
       "      <td>-0.673202</td>\n",
       "      <td>0.493562</td>\n",
       "      <td>1.000000</td>\n",
       "      <td>-0.027486</td>\n",
       "      <td>0.052031</td>\n",
       "      <td>0.524205</td>\n",
       "      <td>0.335411</td>\n",
       "      <td>-0.803137</td>\n",
       "      <td>0.894442</td>\n",
       "      <td>0.541169</td>\n",
       "    </tr>\n",
       "    <tr>\n",
       "      <th>Feature5</th>\n",
       "      <td>-0.056768</td>\n",
       "      <td>0.052140</td>\n",
       "      <td>-0.037188</td>\n",
       "      <td>-0.027486</td>\n",
       "      <td>1.000000</td>\n",
       "      <td>0.003679</td>\n",
       "      <td>-0.039834</td>\n",
       "      <td>-0.050957</td>\n",
       "      <td>0.068512</td>\n",
       "      <td>-0.044586</td>\n",
       "      <td>-0.046645</td>\n",
       "    </tr>\n",
       "    <tr>\n",
       "      <th>Feature6</th>\n",
       "      <td>0.011299</td>\n",
       "      <td>-0.030953</td>\n",
       "      <td>0.042147</td>\n",
       "      <td>0.052031</td>\n",
       "      <td>0.003679</td>\n",
       "      <td>1.000000</td>\n",
       "      <td>0.024480</td>\n",
       "      <td>0.038023</td>\n",
       "      <td>-0.036648</td>\n",
       "      <td>0.047224</td>\n",
       "      <td>0.054988</td>\n",
       "    </tr>\n",
       "    <tr>\n",
       "      <th>Feature7</th>\n",
       "      <td>0.010888</td>\n",
       "      <td>-0.381937</td>\n",
       "      <td>0.403038</td>\n",
       "      <td>0.524205</td>\n",
       "      <td>-0.039834</td>\n",
       "      <td>0.024480</td>\n",
       "      <td>1.000000</td>\n",
       "      <td>0.289125</td>\n",
       "      <td>-0.449377</td>\n",
       "      <td>0.535386</td>\n",
       "      <td>0.386997</td>\n",
       "    </tr>\n",
       "    <tr>\n",
       "      <th>Feature8</th>\n",
       "      <td>-0.002881</td>\n",
       "      <td>-0.212442</td>\n",
       "      <td>0.474541</td>\n",
       "      <td>0.335411</td>\n",
       "      <td>-0.050957</td>\n",
       "      <td>0.038023</td>\n",
       "      <td>0.289125</td>\n",
       "      <td>1.000000</td>\n",
       "      <td>-0.312302</td>\n",
       "      <td>0.323677</td>\n",
       "      <td>0.631479</td>\n",
       "    </tr>\n",
       "    <tr>\n",
       "      <th>Feature9</th>\n",
       "      <td>-0.042239</td>\n",
       "      <td>0.886581</td>\n",
       "      <td>-0.428111</td>\n",
       "      <td>-0.803137</td>\n",
       "      <td>0.068512</td>\n",
       "      <td>-0.036648</td>\n",
       "      <td>-0.449377</td>\n",
       "      <td>-0.312302</td>\n",
       "      <td>1.000000</td>\n",
       "      <td>-0.839352</td>\n",
       "      <td>-0.494557</td>\n",
       "    </tr>\n",
       "    <tr>\n",
       "      <th>Feature10</th>\n",
       "      <td>0.039875</td>\n",
       "      <td>-0.721510</td>\n",
       "      <td>0.483235</td>\n",
       "      <td>0.894442</td>\n",
       "      <td>-0.044586</td>\n",
       "      <td>0.047224</td>\n",
       "      <td>0.535386</td>\n",
       "      <td>0.323677</td>\n",
       "      <td>-0.839352</td>\n",
       "      <td>1.000000</td>\n",
       "      <td>0.516000</td>\n",
       "    </tr>\n",
       "    <tr>\n",
       "      <th>Feature11</th>\n",
       "      <td>0.001836</td>\n",
       "      <td>-0.327680</td>\n",
       "      <td>0.601668</td>\n",
       "      <td>0.541169</td>\n",
       "      <td>-0.046645</td>\n",
       "      <td>0.054988</td>\n",
       "      <td>0.386997</td>\n",
       "      <td>0.631479</td>\n",
       "      <td>-0.494557</td>\n",
       "      <td>0.516000</td>\n",
       "      <td>1.000000</td>\n",
       "    </tr>\n",
       "  </tbody>\n",
       "</table>\n",
       "</div>"
      ],
      "text/plain": [
       "           Feature1  Feature2  Feature3  Feature4  Feature5  Feature6  \\\n",
       "Feature1   1.000000 -0.054702 -0.006358  0.035870 -0.056768  0.011299   \n",
       "Feature2  -0.054702  1.000000 -0.272002 -0.673202  0.052140 -0.030953   \n",
       "Feature3  -0.006358 -0.272002  1.000000  0.493562 -0.037188  0.042147   \n",
       "Feature4   0.035870 -0.673202  0.493562  1.000000 -0.027486  0.052031   \n",
       "Feature5  -0.056768  0.052140 -0.037188 -0.027486  1.000000  0.003679   \n",
       "Feature6   0.011299 -0.030953  0.042147  0.052031  0.003679  1.000000   \n",
       "Feature7   0.010888 -0.381937  0.403038  0.524205 -0.039834  0.024480   \n",
       "Feature8  -0.002881 -0.212442  0.474541  0.335411 -0.050957  0.038023   \n",
       "Feature9  -0.042239  0.886581 -0.428111 -0.803137  0.068512 -0.036648   \n",
       "Feature10  0.039875 -0.721510  0.483235  0.894442 -0.044586  0.047224   \n",
       "Feature11  0.001836 -0.327680  0.601668  0.541169 -0.046645  0.054988   \n",
       "\n",
       "           Feature7  Feature8  Feature9  Feature10  Feature11  \n",
       "Feature1   0.010888 -0.002881 -0.042239   0.039875   0.001836  \n",
       "Feature2  -0.381937 -0.212442  0.886581  -0.721510  -0.327680  \n",
       "Feature3   0.403038  0.474541 -0.428111   0.483235   0.601668  \n",
       "Feature4   0.524205  0.335411 -0.803137   0.894442   0.541169  \n",
       "Feature5  -0.039834 -0.050957  0.068512  -0.044586  -0.046645  \n",
       "Feature6   0.024480  0.038023 -0.036648   0.047224   0.054988  \n",
       "Feature7   1.000000  0.289125 -0.449377   0.535386   0.386997  \n",
       "Feature8   0.289125  1.000000 -0.312302   0.323677   0.631479  \n",
       "Feature9  -0.449377 -0.312302  1.000000  -0.839352  -0.494557  \n",
       "Feature10  0.535386  0.323677 -0.839352   1.000000   0.516000  \n",
       "Feature11  0.386997  0.631479 -0.494557   0.516000   1.000000  "
      ]
     },
     "execution_count": 7,
     "metadata": {},
     "output_type": "execute_result"
    }
   ],
   "source": [
    "pdData[InputFeatures].corr(method ='pearson') #pearson : standard correlation coefficient"
   ]
  },
  {
   "cell_type": "code",
   "execution_count": 8,
   "metadata": {},
   "outputs": [
    {
     "data": {
      "text/html": [
       "<div>\n",
       "<style>\n",
       "    .dataframe thead tr:only-child th {\n",
       "        text-align: right;\n",
       "    }\n",
       "\n",
       "    .dataframe thead th {\n",
       "        text-align: left;\n",
       "    }\n",
       "\n",
       "    .dataframe tbody tr th {\n",
       "        vertical-align: top;\n",
       "    }\n",
       "</style>\n",
       "<table border=\"1\" class=\"dataframe\">\n",
       "  <thead>\n",
       "    <tr style=\"text-align: right;\">\n",
       "      <th></th>\n",
       "      <th>Feature1</th>\n",
       "      <th>Feature2</th>\n",
       "      <th>Feature3</th>\n",
       "      <th>Feature4</th>\n",
       "      <th>Feature5</th>\n",
       "      <th>Feature6</th>\n",
       "      <th>Feature7</th>\n",
       "      <th>Feature8</th>\n",
       "      <th>Feature9</th>\n",
       "      <th>Feature10</th>\n",
       "      <th>Feature11</th>\n",
       "    </tr>\n",
       "  </thead>\n",
       "  <tbody>\n",
       "    <tr>\n",
       "      <th>Feature1</th>\n",
       "      <td>1.000000</td>\n",
       "      <td>-0.031525</td>\n",
       "      <td>0.028896</td>\n",
       "      <td>0.026983</td>\n",
       "      <td>-0.057841</td>\n",
       "      <td>0.014390</td>\n",
       "      <td>0.028867</td>\n",
       "      <td>0.007920</td>\n",
       "      <td>-0.032064</td>\n",
       "      <td>0.029516</td>\n",
       "      <td>0.008146</td>\n",
       "    </tr>\n",
       "    <tr>\n",
       "      <th>Feature2</th>\n",
       "      <td>-0.031525</td>\n",
       "      <td>1.000000</td>\n",
       "      <td>-0.340119</td>\n",
       "      <td>-0.340359</td>\n",
       "      <td>0.009314</td>\n",
       "      <td>-0.024961</td>\n",
       "      <td>-0.329449</td>\n",
       "      <td>-0.183433</td>\n",
       "      <td>0.413716</td>\n",
       "      <td>-0.339075</td>\n",
       "      <td>-0.184899</td>\n",
       "    </tr>\n",
       "    <tr>\n",
       "      <th>Feature3</th>\n",
       "      <td>0.028896</td>\n",
       "      <td>-0.340119</td>\n",
       "      <td>1.000000</td>\n",
       "      <td>0.953659</td>\n",
       "      <td>-0.048523</td>\n",
       "      <td>0.046733</td>\n",
       "      <td>0.933804</td>\n",
       "      <td>0.573189</td>\n",
       "      <td>-0.863825</td>\n",
       "      <td>0.937500</td>\n",
       "      <td>0.574943</td>\n",
       "    </tr>\n",
       "    <tr>\n",
       "      <th>Feature4</th>\n",
       "      <td>0.026983</td>\n",
       "      <td>-0.340359</td>\n",
       "      <td>0.953659</td>\n",
       "      <td>1.000000</td>\n",
       "      <td>-0.042718</td>\n",
       "      <td>0.046008</td>\n",
       "      <td>0.922338</td>\n",
       "      <td>0.549314</td>\n",
       "      <td>-0.849799</td>\n",
       "      <td>0.936034</td>\n",
       "      <td>0.552896</td>\n",
       "    </tr>\n",
       "    <tr>\n",
       "      <th>Feature5</th>\n",
       "      <td>-0.057841</td>\n",
       "      <td>0.009314</td>\n",
       "      <td>-0.048523</td>\n",
       "      <td>-0.042718</td>\n",
       "      <td>1.000000</td>\n",
       "      <td>0.003679</td>\n",
       "      <td>-0.045048</td>\n",
       "      <td>-0.046678</td>\n",
       "      <td>0.068512</td>\n",
       "      <td>-0.044586</td>\n",
       "      <td>-0.046645</td>\n",
       "    </tr>\n",
       "    <tr>\n",
       "      <th>Feature6</th>\n",
       "      <td>0.014390</td>\n",
       "      <td>-0.024961</td>\n",
       "      <td>0.046733</td>\n",
       "      <td>0.046008</td>\n",
       "      <td>0.003679</td>\n",
       "      <td>1.000000</td>\n",
       "      <td>0.046977</td>\n",
       "      <td>0.054580</td>\n",
       "      <td>-0.036648</td>\n",
       "      <td>0.047224</td>\n",
       "      <td>0.054988</td>\n",
       "    </tr>\n",
       "    <tr>\n",
       "      <th>Feature7</th>\n",
       "      <td>0.028867</td>\n",
       "      <td>-0.329449</td>\n",
       "      <td>0.933804</td>\n",
       "      <td>0.922338</td>\n",
       "      <td>-0.045048</td>\n",
       "      <td>0.046977</td>\n",
       "      <td>1.000000</td>\n",
       "      <td>0.509607</td>\n",
       "      <td>-0.823718</td>\n",
       "      <td>0.981374</td>\n",
       "      <td>0.511933</td>\n",
       "    </tr>\n",
       "    <tr>\n",
       "      <th>Feature8</th>\n",
       "      <td>0.007920</td>\n",
       "      <td>-0.183433</td>\n",
       "      <td>0.573189</td>\n",
       "      <td>0.549314</td>\n",
       "      <td>-0.046678</td>\n",
       "      <td>0.054580</td>\n",
       "      <td>0.509607</td>\n",
       "      <td>1.000000</td>\n",
       "      <td>-0.491317</td>\n",
       "      <td>0.512713</td>\n",
       "      <td>0.993449</td>\n",
       "    </tr>\n",
       "    <tr>\n",
       "      <th>Feature9</th>\n",
       "      <td>-0.032064</td>\n",
       "      <td>0.413716</td>\n",
       "      <td>-0.863825</td>\n",
       "      <td>-0.849799</td>\n",
       "      <td>0.068512</td>\n",
       "      <td>-0.036648</td>\n",
       "      <td>-0.823718</td>\n",
       "      <td>-0.491317</td>\n",
       "      <td>1.000000</td>\n",
       "      <td>-0.839352</td>\n",
       "      <td>-0.494557</td>\n",
       "    </tr>\n",
       "    <tr>\n",
       "      <th>Feature10</th>\n",
       "      <td>0.029516</td>\n",
       "      <td>-0.339075</td>\n",
       "      <td>0.937500</td>\n",
       "      <td>0.936034</td>\n",
       "      <td>-0.044586</td>\n",
       "      <td>0.047224</td>\n",
       "      <td>0.981374</td>\n",
       "      <td>0.512713</td>\n",
       "      <td>-0.839352</td>\n",
       "      <td>1.000000</td>\n",
       "      <td>0.516000</td>\n",
       "    </tr>\n",
       "    <tr>\n",
       "      <th>Feature11</th>\n",
       "      <td>0.008146</td>\n",
       "      <td>-0.184899</td>\n",
       "      <td>0.574943</td>\n",
       "      <td>0.552896</td>\n",
       "      <td>-0.046645</td>\n",
       "      <td>0.054988</td>\n",
       "      <td>0.511933</td>\n",
       "      <td>0.993449</td>\n",
       "      <td>-0.494557</td>\n",
       "      <td>0.516000</td>\n",
       "      <td>1.000000</td>\n",
       "    </tr>\n",
       "  </tbody>\n",
       "</table>\n",
       "</div>"
      ],
      "text/plain": [
       "           Feature1  Feature2  Feature3  Feature4  Feature5  Feature6  \\\n",
       "Feature1   1.000000 -0.031525  0.028896  0.026983 -0.057841  0.014390   \n",
       "Feature2  -0.031525  1.000000 -0.340119 -0.340359  0.009314 -0.024961   \n",
       "Feature3   0.028896 -0.340119  1.000000  0.953659 -0.048523  0.046733   \n",
       "Feature4   0.026983 -0.340359  0.953659  1.000000 -0.042718  0.046008   \n",
       "Feature5  -0.057841  0.009314 -0.048523 -0.042718  1.000000  0.003679   \n",
       "Feature6   0.014390 -0.024961  0.046733  0.046008  0.003679  1.000000   \n",
       "Feature7   0.028867 -0.329449  0.933804  0.922338 -0.045048  0.046977   \n",
       "Feature8   0.007920 -0.183433  0.573189  0.549314 -0.046678  0.054580   \n",
       "Feature9  -0.032064  0.413716 -0.863825 -0.849799  0.068512 -0.036648   \n",
       "Feature10  0.029516 -0.339075  0.937500  0.936034 -0.044586  0.047224   \n",
       "Feature11  0.008146 -0.184899  0.574943  0.552896 -0.046645  0.054988   \n",
       "\n",
       "           Feature7  Feature8  Feature9  Feature10  Feature11  \n",
       "Feature1   0.028867  0.007920 -0.032064   0.029516   0.008146  \n",
       "Feature2  -0.329449 -0.183433  0.413716  -0.339075  -0.184899  \n",
       "Feature3   0.933804  0.573189 -0.863825   0.937500   0.574943  \n",
       "Feature4   0.922338  0.549314 -0.849799   0.936034   0.552896  \n",
       "Feature5  -0.045048 -0.046678  0.068512  -0.044586  -0.046645  \n",
       "Feature6   0.046977  0.054580 -0.036648   0.047224   0.054988  \n",
       "Feature7   1.000000  0.509607 -0.823718   0.981374   0.511933  \n",
       "Feature8   0.509607  1.000000 -0.491317   0.512713   0.993449  \n",
       "Feature9  -0.823718 -0.491317  1.000000  -0.839352  -0.494557  \n",
       "Feature10  0.981374  0.512713 -0.839352   1.000000   0.516000  \n",
       "Feature11  0.511933  0.993449 -0.494557   0.516000   1.000000  "
      ]
     },
     "execution_count": 8,
     "metadata": {},
     "output_type": "execute_result"
    }
   ],
   "source": [
    "pdData[InputFeatures].corr(method ='kendall') #Kendall Tau correlation coefficient"
   ]
  },
  {
   "cell_type": "code",
   "execution_count": 9,
   "metadata": {},
   "outputs": [
    {
     "data": {
      "text/html": [
       "<div>\n",
       "<style>\n",
       "    .dataframe thead tr:only-child th {\n",
       "        text-align: right;\n",
       "    }\n",
       "\n",
       "    .dataframe thead th {\n",
       "        text-align: left;\n",
       "    }\n",
       "\n",
       "    .dataframe tbody tr th {\n",
       "        vertical-align: top;\n",
       "    }\n",
       "</style>\n",
       "<table border=\"1\" class=\"dataframe\">\n",
       "  <thead>\n",
       "    <tr style=\"text-align: right;\">\n",
       "      <th></th>\n",
       "      <th>Feature1</th>\n",
       "      <th>Feature2</th>\n",
       "      <th>Feature3</th>\n",
       "      <th>Feature4</th>\n",
       "      <th>Feature5</th>\n",
       "      <th>Feature6</th>\n",
       "      <th>Feature7</th>\n",
       "      <th>Feature8</th>\n",
       "      <th>Feature9</th>\n",
       "      <th>Feature10</th>\n",
       "      <th>Feature11</th>\n",
       "    </tr>\n",
       "  </thead>\n",
       "  <tbody>\n",
       "    <tr>\n",
       "      <th>Feature1</th>\n",
       "      <td>1.000000</td>\n",
       "      <td>-0.046240</td>\n",
       "      <td>0.035278</td>\n",
       "      <td>0.032979</td>\n",
       "      <td>-0.069364</td>\n",
       "      <td>0.017256</td>\n",
       "      <td>0.035282</td>\n",
       "      <td>0.009542</td>\n",
       "      <td>-0.038451</td>\n",
       "      <td>0.035396</td>\n",
       "      <td>0.009769</td>\n",
       "    </tr>\n",
       "    <tr>\n",
       "      <th>Feature2</th>\n",
       "      <td>-0.046240</td>\n",
       "      <td>1.000000</td>\n",
       "      <td>-0.432829</td>\n",
       "      <td>-0.426365</td>\n",
       "      <td>0.011406</td>\n",
       "      <td>-0.030567</td>\n",
       "      <td>-0.414707</td>\n",
       "      <td>-0.226472</td>\n",
       "      <td>0.506645</td>\n",
       "      <td>-0.415238</td>\n",
       "      <td>-0.226430</td>\n",
       "    </tr>\n",
       "    <tr>\n",
       "      <th>Feature3</th>\n",
       "      <td>0.035278</td>\n",
       "      <td>-0.432829</td>\n",
       "      <td>1.000000</td>\n",
       "      <td>0.984772</td>\n",
       "      <td>-0.049401</td>\n",
       "      <td>0.047579</td>\n",
       "      <td>0.954610</td>\n",
       "      <td>0.585395</td>\n",
       "      <td>-0.879467</td>\n",
       "      <td>0.954476</td>\n",
       "      <td>0.585354</td>\n",
       "    </tr>\n",
       "    <tr>\n",
       "      <th>Feature4</th>\n",
       "      <td>0.032979</td>\n",
       "      <td>-0.426365</td>\n",
       "      <td>0.984772</td>\n",
       "      <td>1.000000</td>\n",
       "      <td>-0.043532</td>\n",
       "      <td>0.046885</td>\n",
       "      <td>0.953669</td>\n",
       "      <td>0.563597</td>\n",
       "      <td>-0.865988</td>\n",
       "      <td>0.953865</td>\n",
       "      <td>0.563428</td>\n",
       "    </tr>\n",
       "    <tr>\n",
       "      <th>Feature5</th>\n",
       "      <td>-0.069364</td>\n",
       "      <td>0.011406</td>\n",
       "      <td>-0.049401</td>\n",
       "      <td>-0.043532</td>\n",
       "      <td>1.000000</td>\n",
       "      <td>0.003679</td>\n",
       "      <td>-0.045861</td>\n",
       "      <td>-0.046981</td>\n",
       "      <td>0.068512</td>\n",
       "      <td>-0.044586</td>\n",
       "      <td>-0.046645</td>\n",
       "    </tr>\n",
       "    <tr>\n",
       "      <th>Feature6</th>\n",
       "      <td>0.017256</td>\n",
       "      <td>-0.030567</td>\n",
       "      <td>0.047579</td>\n",
       "      <td>0.046885</td>\n",
       "      <td>0.003679</td>\n",
       "      <td>1.000000</td>\n",
       "      <td>0.047825</td>\n",
       "      <td>0.054933</td>\n",
       "      <td>-0.036648</td>\n",
       "      <td>0.047224</td>\n",
       "      <td>0.054988</td>\n",
       "    </tr>\n",
       "    <tr>\n",
       "      <th>Feature7</th>\n",
       "      <td>0.035282</td>\n",
       "      <td>-0.414707</td>\n",
       "      <td>0.954610</td>\n",
       "      <td>0.953669</td>\n",
       "      <td>-0.045861</td>\n",
       "      <td>0.047825</td>\n",
       "      <td>1.000000</td>\n",
       "      <td>0.521281</td>\n",
       "      <td>-0.838585</td>\n",
       "      <td>0.999086</td>\n",
       "      <td>0.521173</td>\n",
       "    </tr>\n",
       "    <tr>\n",
       "      <th>Feature8</th>\n",
       "      <td>0.009542</td>\n",
       "      <td>-0.226472</td>\n",
       "      <td>0.585395</td>\n",
       "      <td>0.563597</td>\n",
       "      <td>-0.046981</td>\n",
       "      <td>0.054933</td>\n",
       "      <td>0.521281</td>\n",
       "      <td>1.000000</td>\n",
       "      <td>-0.494500</td>\n",
       "      <td>0.516035</td>\n",
       "      <td>0.999884</td>\n",
       "    </tr>\n",
       "    <tr>\n",
       "      <th>Feature9</th>\n",
       "      <td>-0.038451</td>\n",
       "      <td>0.506645</td>\n",
       "      <td>-0.879467</td>\n",
       "      <td>-0.865988</td>\n",
       "      <td>0.068512</td>\n",
       "      <td>-0.036648</td>\n",
       "      <td>-0.838585</td>\n",
       "      <td>-0.494500</td>\n",
       "      <td>1.000000</td>\n",
       "      <td>-0.839352</td>\n",
       "      <td>-0.494557</td>\n",
       "    </tr>\n",
       "    <tr>\n",
       "      <th>Feature10</th>\n",
       "      <td>0.035396</td>\n",
       "      <td>-0.415238</td>\n",
       "      <td>0.954476</td>\n",
       "      <td>0.953865</td>\n",
       "      <td>-0.044586</td>\n",
       "      <td>0.047224</td>\n",
       "      <td>0.999086</td>\n",
       "      <td>0.516035</td>\n",
       "      <td>-0.839352</td>\n",
       "      <td>1.000000</td>\n",
       "      <td>0.516000</td>\n",
       "    </tr>\n",
       "    <tr>\n",
       "      <th>Feature11</th>\n",
       "      <td>0.009769</td>\n",
       "      <td>-0.226430</td>\n",
       "      <td>0.585354</td>\n",
       "      <td>0.563428</td>\n",
       "      <td>-0.046645</td>\n",
       "      <td>0.054988</td>\n",
       "      <td>0.521173</td>\n",
       "      <td>0.999884</td>\n",
       "      <td>-0.494557</td>\n",
       "      <td>0.516000</td>\n",
       "      <td>1.000000</td>\n",
       "    </tr>\n",
       "  </tbody>\n",
       "</table>\n",
       "</div>"
      ],
      "text/plain": [
       "           Feature1  Feature2  Feature3  Feature4  Feature5  Feature6  \\\n",
       "Feature1   1.000000 -0.046240  0.035278  0.032979 -0.069364  0.017256   \n",
       "Feature2  -0.046240  1.000000 -0.432829 -0.426365  0.011406 -0.030567   \n",
       "Feature3   0.035278 -0.432829  1.000000  0.984772 -0.049401  0.047579   \n",
       "Feature4   0.032979 -0.426365  0.984772  1.000000 -0.043532  0.046885   \n",
       "Feature5  -0.069364  0.011406 -0.049401 -0.043532  1.000000  0.003679   \n",
       "Feature6   0.017256 -0.030567  0.047579  0.046885  0.003679  1.000000   \n",
       "Feature7   0.035282 -0.414707  0.954610  0.953669 -0.045861  0.047825   \n",
       "Feature8   0.009542 -0.226472  0.585395  0.563597 -0.046981  0.054933   \n",
       "Feature9  -0.038451  0.506645 -0.879467 -0.865988  0.068512 -0.036648   \n",
       "Feature10  0.035396 -0.415238  0.954476  0.953865 -0.044586  0.047224   \n",
       "Feature11  0.009769 -0.226430  0.585354  0.563428 -0.046645  0.054988   \n",
       "\n",
       "           Feature7  Feature8  Feature9  Feature10  Feature11  \n",
       "Feature1   0.035282  0.009542 -0.038451   0.035396   0.009769  \n",
       "Feature2  -0.414707 -0.226472  0.506645  -0.415238  -0.226430  \n",
       "Feature3   0.954610  0.585395 -0.879467   0.954476   0.585354  \n",
       "Feature4   0.953669  0.563597 -0.865988   0.953865   0.563428  \n",
       "Feature5  -0.045861 -0.046981  0.068512  -0.044586  -0.046645  \n",
       "Feature6   0.047825  0.054933 -0.036648   0.047224   0.054988  \n",
